1.0e-05   1   1 69.550
1.0e-05   1   2 72.100
1.0e-05   1   5 74.900
1.0e-05   1  10 77.200
1.0e-05   1  20 78.467
1.0e-05   1  50 76.067
1.0e-05   1 100 75.817
1.0e-05   2   1 55.483
1.0e-05   2   2 57.050
1.0e-05   2   5 58.467
1.0e-05   2  10 60.900
1.0e-05   2  20 62.817
1.0e-05   2  50 64.050
1.0e-05   2 100 62.750
1.0e-05   5   1 29.883
1.0e-05   5   2 29.267
1.0e-05   5   5 28.167
1.0e-05   5  10 29.133
1.0e-05   5  20 29.133
1.0e-05   5  50 29.383
1.0e-05   5 100 29.467
1.0e-05  10   1 14.933
1.0e-05  10   2 13.367
1.0e-05  10   5 11.517
1.0e-05  10  10 10.817
1.0e-05  10  20  9.967
1.0e-05  10  50  9.133
1.0e-05  10 100  8.583
1.0e-05  20   1  8.483
1.0e-05  20   2  7.367
1.0e-05  20   5  5.533
1.0e-05  20  10  5.433
1.0e-05  20  20  4.917
1.0e-05  20  50  4.183
1.0e-05  20 100  3.533
1.0e-05  50   1  6.567
1.0e-05  50   2  5.683
1.0e-05  50   5  4.617
1.0e-05  50  10  3.917
1.0e-05  50  20  3.517
1.0e-05 100  50  2.233
1.0e-05 100 100  2.333
